5.000000e-01
6.666667e-01
7.500000e-01
8.000000e-01
8.333333e-01
8.571429e-01
8.750000e-01
8.888889e-01
9.000000e-01
9.090909e-01
9.166667e-01
9.230769e-01
9.285714e-01
9.333333e-01
9.375000e-01
9.411765e-01
9.444444e-01
9.473684e-01
9.500000e-01
9.523810e-01
9.545455e-01
9.565217e-01
9.583333e-01
9.600000e-01
9.615385e-01
9.629630e-01
9.642857e-01
9.655172e-01
9.666667e-01
9.677419e-01
9.687500e-01
9.696970e-01
9.705882e-01
9.714286e-01
9.722222e-01
9.729730e-01
9.736842e-01
9.743590e-01
9.750000e-01
9.756098e-01
9.761905e-01
9.767442e-01
9.772727e-01
9.777778e-01
9.782609e-01
9.787234e-01
9.791667e-01
9.795918e-01
9.800000e-01
9.803922e-01
9.807692e-01
9.811321e-01
9.814815e-01
9.818182e-01
9.821429e-01
9.824561e-01
9.827586e-01
9.830508e-01
9.833333e-01
9.836066e-01
9.838710e-01
9.841270e-01
9.843750e-01
9.846154e-01
9.848485e-01
9.850746e-01
9.852941e-01
9.855072e-01
9.857143e-01
9.859155e-01
9.861111e-01
9.863014e-01
9.864865e-01
9.866667e-01
9.868421e-01
9.870130e-01
9.871795e-01
9.873418e-01
9.875000e-01
9.876543e-01
9.878049e-01
9.879518e-01
9.880952e-01
9.882353e-01
9.883721e-01
9.885057e-01
9.886364e-01
9.887640e-01
9.888889e-01
9.890110e-01
9.891304e-01
9.892473e-01
9.893617e-01
9.894737e-01
9.895833e-01
9.896907e-01
9.897959e-01
9.898990e-01
9.900000e-01
9.900990e-01
9.901961e-01
9.902913e-01
9.903846e-01
9.904762e-01
9.905660e-01
9.906542e-01
9.907407e-01
9.908257e-01
9.909091e-01
9.909910e-01
9.910714e-01
9.911504e-01
9.912281e-01
9.913043e-01
9.913793e-01
9.914530e-01
9.915254e-01
9.915966e-01
9.916667e-01
9.917355e-01
9.918033e-01
9.918699e-01
9.919355e-01
9.920000e-01
9.920635e-01
9.921260e-01
9.921875e-01
9.922481e-01
9.923077e-01
9.923664e-01
9.924242e-01
9.924812e-01
9.925373e-01
9.925926e-01
9.926471e-01
9.927007e-01
9.927536e-01
9.928058e-01
9.928571e-01
9.929078e-01
9.929577e-01
9.930070e-01
9.930556e-01
9.931034e-01
9.931507e-01
9.931973e-01
9.932432e-01
9.932886e-01
9.933333e-01
9.933775e-01
9.934211e-01
9.934641e-01
9.935065e-01
9.935484e-01
9.935897e-01
9.936306e-01
9.936709e-01
9.937107e-01
9.937500e-01
9.937888e-01
9.938272e-01
9.938650e-01
9.939024e-01
9.939394e-01
9.939759e-01
9.940120e-01
9.940476e-01
9.940828e-01
9.941176e-01
9.941520e-01
9.941860e-01
9.942197e-01
9.942529e-01
9.942857e-01
9.943182e-01
9.943503e-01
9.943820e-01
9.944134e-01
9.944444e-01
9.944751e-01
9.945055e-01
9.945355e-01
9.945652e-01
9.945946e-01
9.946237e-01
9.946524e-01
9.946809e-01
9.947090e-01
9.947368e-01
9.947644e-01
9.947917e-01
9.948187e-01
9.948454e-01
9.948718e-01
9.948980e-01
9.949239e-01
9.949495e-01
9.949749e-01
9.950000e-01
9.950249e-01
9.950495e-01
9.950739e-01
9.950980e-01
9.951220e-01
9.951456e-01
9.951691e-01
9.951923e-01
9.952153e-01
9.952381e-01
9.952607e-01
9.952830e-01
9.953052e-01
9.953271e-01
9.953488e-01
9.953704e-01
9.953917e-01
9.954128e-01
9.954338e-01
9.954545e-01
9.954751e-01
9.954955e-01
9.955157e-01
9.955357e-01
9.955556e-01
9.955752e-01
9.955947e-01
9.956140e-01
9.956332e-01
9.956522e-01
9.956710e-01
9.956897e-01
9.957082e-01
9.957265e-01
9.957447e-01
9.957627e-01
9.957806e-01
9.957983e-01
9.958159e-01
9.958333e-01
9.958506e-01
9.958678e-01
9.958848e-01
9.959016e-01
9.959184e-01
9.959350e-01
9.959514e-01
9.959677e-01
9.959839e-01
9.960000e-01
9.960159e-01
9.960317e-01
9.960474e-01
9.960630e-01
9.960784e-01
9.960938e-01
9.961089e-01
9.961240e-01
9.961390e-01
9.961538e-01
9.961686e-01
9.961832e-01
9.961977e-01
9.962121e-01
9.962264e-01
9.962406e-01
9.962547e-01
9.962687e-01
9.962825e-01
9.962963e-01
9.963100e-01
9.963235e-01
9.963370e-01
9.963504e-01
9.963636e-01
9.963768e-01
9.963899e-01
9.964029e-01
9.964158e-01
9.964286e-01
9.964413e-01
9.964539e-01
9.964664e-01
9.964789e-01
9.964912e-01
9.965035e-01
9.965157e-01
9.965278e-01
9.965398e-01
9.965517e-01
9.965636e-01
9.965753e-01
9.965870e-01
9.965986e-01
9.966102e-01
9.966216e-01
9.966330e-01
9.966443e-01
9.966555e-01
9.966667e-01
9.966777e-01
9.966887e-01
9.966997e-01
9.967105e-01
9.967213e-01
9.967320e-01
9.967427e-01
9.967532e-01
9.967638e-01
9.967742e-01
9.967846e-01
9.967949e-01
9.968051e-01
9.968153e-01
9.968254e-01
9.968354e-01
9.968454e-01
9.968553e-01
9.968652e-01
9.968750e-01
9.968847e-01
9.968944e-01
9.969040e-01
9.969136e-01
9.969231e-01
9.969325e-01
9.969419e-01
9.969512e-01
9.969605e-01
9.969697e-01
9.969789e-01
9.969880e-01
9.969970e-01
9.970060e-01
9.970149e-01
9.970238e-01
9.970326e-01
9.970414e-01
9.970501e-01
9.970588e-01
9.970674e-01
9.970760e-01
9.970845e-01
9.970930e-01
9.971014e-01
9.971098e-01
9.971182e-01
9.971264e-01
9.971347e-01
9.971429e-01
9.971510e-01
9.971591e-01
9.971671e-01
9.971751e-01
9.971831e-01
9.971910e-01
9.971989e-01
9.972067e-01
9.972145e-01
9.972222e-01
9.972299e-01
9.972376e-01
9.972452e-01
9.972527e-01
9.972603e-01
9.972678e-01
9.972752e-01
9.972826e-01
9.972900e-01
9.972973e-01
9.973046e-01
9.973118e-01
9.973190e-01
9.973262e-01
9.973333e-01
9.973404e-01
9.973475e-01
9.973545e-01
9.973615e-01
9.973684e-01
9.973753e-01
9.973822e-01
9.973890e-01
9.973958e-01
9.974026e-01
9.974093e-01
9.974160e-01
9.974227e-01
9.974293e-01
9.974359e-01
9.974425e-01
9.974490e-01
9.974555e-01
9.974619e-01
9.974684e-01
9.974747e-01
9.974811e-01
9.974874e-01
9.974937e-01
9.975000e-01
9.975062e-01
9.975124e-01
9.975186e-01
9.975248e-01
9.975309e-01
9.975369e-01
9.975430e-01
9.975490e-01
9.975550e-01
9.975610e-01
9.975669e-01
9.975728e-01
9.975787e-01
9.975845e-01
9.975904e-01
9.975962e-01
9.976019e-01
9.976077e-01
9.976134e-01
9.976190e-01
9.976247e-01
9.976303e-01
9.976359e-01
9.976415e-01
9.976471e-01
9.976526e-01
9.976581e-01
9.976636e-01
9.976690e-01
9.976744e-01
9.976798e-01
9.976852e-01
9.976905e-01
9.976959e-01
9.977011e-01
9.977064e-01
9.977117e-01
9.977169e-01
9.977221e-01
9.977273e-01
9.977324e-01
9.977376e-01
9.977427e-01
9.977477e-01
9.977528e-01
9.977578e-01
9.977629e-01
9.977679e-01
9.977728e-01
9.977778e-01
9.977827e-01
9.977876e-01
9.977925e-01
9.977974e-01
9.978022e-01
9.978070e-01
9.978118e-01
9.978166e-01
9.978214e-01
9.978261e-01
9.978308e-01
9.978355e-01
9.978402e-01
9.978448e-01
9.978495e-01
9.978541e-01
9.978587e-01
9.978632e-01
9.978678e-01
9.978723e-01
9.978769e-01
9.978814e-01
9.978858e-01
9.978903e-01
9.978947e-01
9.978992e-01
9.979036e-01
9.979079e-01
9.979123e-01
9.979167e-01
9.979210e-01
9.979253e-01
9.979296e-01
9.979339e-01
9.979381e-01
9.979424e-01
9.979466e-01
9.979508e-01
9.979550e-01
9.979592e-01
9.979633e-01
9.979675e-01
9.979716e-01
9.979757e-01
9.979798e-01
9.979839e-01
9.979879e-01
9.979920e-01
9.979960e-01
9.980000e-01
9.980040e-01
9.980080e-01
9.980119e-01
9.980159e-01
9.980198e-01
9.980237e-01
9.980276e-01
9.980315e-01
9.980354e-01
9.980392e-01
9.980431e-01
9.980469e-01
9.980507e-01
9.980545e-01
9.980583e-01
9.980620e-01
9.980658e-01
9.980695e-01
9.980732e-01
9.980769e-01
9.980806e-01
9.980843e-01
9.980880e-01
9.980916e-01
9.980952e-01
9.980989e-01
9.981025e-01
9.981061e-01
9.981096e-01
9.981132e-01
9.981168e-01
9.981203e-01
9.981238e-01
9.981273e-01
9.981308e-01
9.981343e-01
9.981378e-01
9.981413e-01
9.981447e-01
9.981481e-01
9.981516e-01
9.981550e-01
9.981584e-01
9.981618e-01
9.981651e-01
9.981685e-01
9.981718e-01
9.981752e-01
9.981785e-01
9.981818e-01
9.981851e-01
9.981884e-01
9.981917e-01
9.981949e-01
9.981982e-01
9.982014e-01
9.982047e-01
9.982079e-01
9.982111e-01
9.982143e-01
9.982175e-01
9.982206e-01
9.982238e-01
9.982270e-01
9.982301e-01
9.982332e-01
9.982363e-01
9.982394e-01
9.982425e-01
9.982456e-01
9.982487e-01
9.982517e-01
9.982548e-01
9.982578e-01
9.982609e-01
9.982639e-01
9.982669e-01
9.982699e-01
9.982729e-01
9.982759e-01
9.982788e-01
9.982818e-01
9.982847e-01
9.982877e-01
9.982906e-01
9.982935e-01
9.982964e-01
9.982993e-01
9.983022e-01
9.983051e-01
9.983080e-01
9.983108e-01
9.983137e-01
9.983165e-01
9.983193e-01
9.983221e-01
9.983250e-01
9.983278e-01
9.983306e-01
9.983333e-01
9.983361e-01
9.983389e-01
9.983416e-01
9.983444e-01
9.983471e-01
9.983498e-01
9.983526e-01
9.983553e-01
9.983580e-01
9.983607e-01
9.983633e-01
9.983660e-01
9.983687e-01
9.983713e-01
9.983740e-01
9.983766e-01
9.983793e-01
9.983819e-01
9.983845e-01
9.983871e-01
9.983897e-01
9.983923e-01
9.983949e-01
9.983974e-01
9.984000e-01
9.984026e-01
9.984051e-01
9.984076e-01
9.984102e-01
9.984127e-01
9.984152e-01
9.984177e-01
9.984202e-01
9.984227e-01
9.984252e-01
9.984277e-01
9.984301e-01
9.984326e-01
9.984351e-01
9.984375e-01
9.984399e-01
9.984424e-01
9.984448e-01
9.984472e-01
9.984496e-01
9.984520e-01
9.984544e-01
9.984568e-01
9.984592e-01
9.984615e-01
9.984639e-01
9.984663e-01
9.984686e-01
9.984709e-01
9.984733e-01
9.984756e-01
9.984779e-01
9.984802e-01
9.984825e-01
9.984848e-01
9.984871e-01
9.984894e-01
9.984917e-01
9.984940e-01
9.984962e-01
9.984985e-01
9.985007e-01
9.985030e-01
9.985052e-01
9.985075e-01
9.985097e-01
9.985119e-01
9.985141e-01
9.985163e-01
9.985185e-01
9.985207e-01
9.985229e-01
9.985251e-01
9.985272e-01
9.985294e-01
9.985316e-01
9.985337e-01
9.985359e-01
9.985380e-01
9.985401e-01
9.985423e-01
9.985444e-01
9.985465e-01
9.985486e-01
9.985507e-01
9.985528e-01
9.985549e-01
9.985570e-01
9.985591e-01
9.985612e-01
9.985632e-01
9.985653e-01
9.985673e-01
9.985694e-01
9.985714e-01
9.985735e-01
9.985755e-01
9.985775e-01
9.985795e-01
9.985816e-01
9.985836e-01
9.985856e-01
9.985876e-01
9.985896e-01
9.985915e-01
9.985935e-01
9.985955e-01
9.985975e-01
9.985994e-01
9.986014e-01
9.986034e-01
9.986053e-01
9.986072e-01
9.986092e-01
9.986111e-01
9.986130e-01
9.986150e-01
9.986169e-01
9.986188e-01
9.986207e-01
9.986226e-01
9.986245e-01
9.986264e-01
9.986283e-01
9.986301e-01
9.986320e-01
9.986339e-01
9.986357e-01
9.986376e-01
9.986395e-01
9.986413e-01
9.986431e-01
9.986450e-01
9.986468e-01
9.986486e-01
9.986505e-01
9.986523e-01
9.986541e-01
9.986559e-01
9.986577e-01
9.986595e-01
9.986613e-01
9.986631e-01
9.986649e-01
9.986667e-01
9.986684e-01
9.986702e-01
9.986720e-01
9.986737e-01
9.986755e-01
9.986772e-01
9.986790e-01
9.986807e-01
9.986825e-01
9.986842e-01
9.986859e-01
9.986877e-01
9.986894e-01
9.986911e-01
9.986928e-01
9.986945e-01
9.986962e-01
9.986979e-01
9.986996e-01
9.987013e-01
9.987030e-01
9.987047e-01
9.987063e-01
9.987080e-01
9.987097e-01
9.987113e-01
9.987130e-01
9.987147e-01
9.987163e-01
9.987179e-01
9.987196e-01
9.987212e-01
9.987229e-01
9.987245e-01
9.987261e-01
9.987277e-01
9.987294e-01
9.987310e-01
9.987326e-01
9.987342e-01
9.987358e-01
9.987374e-01
9.987390e-01
9.987406e-01
9.987421e-01
9.987437e-01
9.987453e-01
9.987469e-01
9.987484e-01
9.987500e-01
9.987516e-01
9.987531e-01
9.987547e-01
9.987562e-01
9.987578e-01
9.987593e-01
9.987608e-01
9.987624e-01
9.987639e-01
9.987654e-01
9.987670e-01
9.987685e-01
9.987700e-01
9.987715e-01
9.987730e-01
9.987745e-01
9.987760e-01
9.987775e-01
9.987790e-01
9.987805e-01
9.987820e-01
9.987835e-01
9.987849e-01
9.987864e-01
9.987879e-01
9.987893e-01
9.987908e-01
9.987923e-01
9.987937e-01
9.987952e-01
9.987966e-01
9.987981e-01
9.987995e-01
9.988010e-01
9.988024e-01
9.988038e-01
9.988053e-01
9.988067e-01
9.988081e-01
9.988095e-01
9.988109e-01
9.988124e-01
9.988138e-01
9.988152e-01
9.988166e-01
9.988180e-01
9.988194e-01
9.988208e-01
9.988221e-01
9.988235e-01
9.988249e-01
9.988263e-01
9.988277e-01
9.988290e-01
9.988304e-01
9.988318e-01
9.988331e-01
9.988345e-01
9.988359e-01
9.988372e-01
9.988386e-01
9.988399e-01
9.988413e-01
9.988426e-01
9.988439e-01
9.988453e-01
9.988466e-01
9.988479e-01
9.988493e-01
9.988506e-01
9.988519e-01
9.988532e-01
9.988545e-01
9.988558e-01
9.988571e-01
9.988584e-01
9.988597e-01
9.988610e-01
9.988623e-01
9.988636e-01
9.988649e-01
9.988662e-01
9.988675e-01
9.988688e-01
9.988701e-01
9.988713e-01
9.988726e-01
9.988739e-01
9.988751e-01
9.988764e-01
9.988777e-01
9.988789e-01
9.988802e-01
9.988814e-01
9.988827e-01
9.988839e-01
9.988852e-01
9.988864e-01
9.988877e-01
9.988889e-01
9.988901e-01
9.988914e-01
9.988926e-01
9.988938e-01
9.988950e-01
9.988962e-01
9.988975e-01
9.988987e-01
9.988999e-01
9.989011e-01
9.989023e-01
9.989035e-01
9.989047e-01
9.989059e-01
9.989071e-01
9.989083e-01
9.989095e-01
9.989107e-01
9.989119e-01
9.989130e-01
9.989142e-01
9.989154e-01
9.989166e-01
9.989177e-01
9.989189e-01
9.989201e-01
9.989213e-01
9.989224e-01
9.989236e-01
9.989247e-01
9.989259e-01
9.989270e-01
9.989282e-01
9.989293e-01
9.989305e-01
9.989316e-01
9.989328e-01
9.989339e-01
9.989350e-01
9.989362e-01
9.989373e-01
9.989384e-01
9.989396e-01
9.989407e-01
9.989418e-01
9.989429e-01
9.989440e-01
9.989451e-01
9.989463e-01
9.989474e-01
9.989485e-01
9.989496e-01
9.989507e-01
9.989518e-01
9.989529e-01
9.989540e-01
9.989551e-01
9.989562e-01
9.989572e-01
9.989583e-01
9.989594e-01
9.989605e-01
9.989616e-01
9.989627e-01
9.989637e-01
9.989648e-01
9.989659e-01
9.989669e-01
9.989680e-01
9.989691e-01
9.989701e-01
9.989712e-01
9.989723e-01
9.989733e-01
9.989744e-01
9.989754e-01
9.989765e-01
9.989775e-01
9.989785e-01
9.989796e-01
9.989806e-01
9.989817e-01
9.989827e-01
9.989837e-01
9.989848e-01
9.989858e-01
9.989868e-01
9.989879e-01
9.989889e-01
9.989899e-01
9.989909e-01
9.989919e-01
9.989930e-01
9.989940e-01
9.989950e-01
9.989960e-01
9.989970e-01
9.989980e-01
9.989990e-01
9.990000e-01
0.000000e+00
