1.019980e+01
2.039960e+01
3.059940e+01
4.079920e+01
5.099900e+01
6.119880e+01
7.139860e+01
8.159840e+01
9.179820e+01
1.019980e+02
1.121978e+02
1.223976e+02
1.325974e+02
1.427972e+02
1.529970e+02
1.631968e+02
1.733966e+02
1.835964e+02
1.937962e+02
2.039960e+02
2.141958e+02
2.243956e+02
2.345954e+02
2.447952e+02
2.549950e+02
2.651948e+02
2.753946e+02
2.855944e+02
2.957942e+02
3.059940e+02
3.161938e+02
3.263936e+02
3.365934e+02
3.467932e+02
3.569930e+02
3.671928e+02
3.773926e+02
3.875924e+02
3.977922e+02
4.079920e+02
4.181918e+02
4.283916e+02
4.385914e+02
4.487912e+02
4.589910e+02
4.691908e+02
4.793906e+02
4.895904e+02
4.997902e+02
5.099900e+02
5.201898e+02
5.303896e+02
5.405894e+02
5.507892e+02
5.609890e+02
5.711888e+02
5.813886e+02
5.915884e+02
6.017882e+02
6.119880e+02
6.221878e+02
6.323876e+02
6.425874e+02
6.527872e+02
6.629870e+02
6.731868e+02
6.833866e+02
6.935864e+02
7.037862e+02
7.139860e+02
7.241858e+02
7.343856e+02
7.445854e+02
7.547852e+02
7.649850e+02
7.751848e+02
7.853846e+02
7.955844e+02
8.057842e+02
8.159840e+02
8.261838e+02
8.363836e+02
8.465834e+02
8.567832e+02
8.669830e+02
8.771828e+02
8.873826e+02
8.975824e+02
9.077822e+02
9.179820e+02
9.281818e+02
9.383816e+02
9.485814e+02
9.587812e+02
9.689810e+02
9.791808e+02
9.893806e+02
9.995804e+02
1.009780e+03
1.019980e+03
1.030180e+03
1.040380e+03
1.050579e+03
1.060779e+03
1.070979e+03
1.081179e+03
1.091379e+03
1.101578e+03
1.111778e+03
1.121978e+03
1.132178e+03
1.142378e+03
1.152577e+03
1.162777e+03
1.172977e+03
1.183177e+03
1.193377e+03
1.203576e+03
1.213776e+03
1.223976e+03
1.234176e+03
1.244376e+03
1.254575e+03
1.264775e+03
1.274975e+03
1.285175e+03
1.295375e+03
1.305574e+03
1.315774e+03
1.325974e+03
1.336174e+03
1.346374e+03
1.356573e+03
1.366773e+03
1.376973e+03
1.387173e+03
1.397373e+03
1.407572e+03
1.417772e+03
1.427972e+03
1.438172e+03
1.448372e+03
1.458571e+03
1.468771e+03
1.478971e+03
1.489171e+03
1.499371e+03
1.509570e+03
1.519770e+03
1.529970e+03
1.540170e+03
1.550370e+03
1.560569e+03
1.570769e+03
1.580969e+03
1.591169e+03
1.601369e+03
1.611568e+03
1.621768e+03
1.631968e+03
1.642168e+03
1.652368e+03
1.662567e+03
1.672767e+03
1.682967e+03
1.693167e+03
1.703367e+03
1.713566e+03
1.723766e+03
1.733966e+03
1.744166e+03
1.754366e+03
1.764565e+03
1.774765e+03
1.784965e+03
1.795165e+03
1.805365e+03
1.815564e+03
1.825764e+03
1.835964e+03
1.846164e+03
1.856364e+03
1.866563e+03
1.876763e+03
1.886963e+03
1.897163e+03
1.907363e+03
1.917562e+03
1.927762e+03
1.937962e+03
1.948162e+03
1.958362e+03
1.968561e+03
1.978761e+03
1.988961e+03
1.999161e+03
2.009361e+03
2.019560e+03
2.029760e+03
2.039960e+03
2.050160e+03
2.060360e+03
2.070559e+03
2.080759e+03
2.090959e+03
2.101159e+03
2.111359e+03
2.121558e+03
2.131758e+03
2.141958e+03
2.152158e+03
2.162358e+03
2.172557e+03
2.182757e+03
2.192957e+03
2.203157e+03
2.213357e+03
2.223556e+03
2.233756e+03
2.243956e+03
2.254156e+03
2.264356e+03
2.274555e+03
2.284755e+03
2.294955e+03
2.305155e+03
2.315355e+03
2.325554e+03
2.335754e+03
2.345954e+03
2.356154e+03
2.366354e+03
2.376553e+03
2.386753e+03
2.396953e+03
2.407153e+03
2.417353e+03
2.427552e+03
2.437752e+03
2.447952e+03
2.458152e+03
2.468352e+03
2.478551e+03
2.488751e+03
2.498951e+03
2.509151e+03
2.519351e+03
2.529550e+03
2.539750e+03
2.549950e+03
2.560150e+03
2.570350e+03
2.580549e+03
2.590749e+03
2.600949e+03
2.611149e+03
2.621349e+03
2.631548e+03
2.641748e+03
2.651948e+03
2.662148e+03
2.672348e+03
2.682547e+03
2.692747e+03
2.702947e+03
2.713147e+03
2.723347e+03
2.733546e+03
2.743746e+03
2.753946e+03
2.764146e+03
2.774346e+03
2.784545e+03
2.794745e+03
2.804945e+03
2.815145e+03
2.825345e+03
2.835544e+03
2.845744e+03
2.855944e+03
2.866144e+03
2.876344e+03
2.886543e+03
2.896743e+03
2.906943e+03
2.917143e+03
2.927343e+03
2.937542e+03
2.947742e+03
2.957942e+03
2.968142e+03
2.978342e+03
2.988541e+03
2.998741e+03
3.008941e+03
3.019141e+03
3.029341e+03
3.039540e+03
3.049740e+03
3.059940e+03
3.070140e+03
3.080340e+03
3.090539e+03
3.100739e+03
3.110939e+03
3.121139e+03
3.131339e+03
3.141538e+03
3.151738e+03
3.161938e+03
3.172138e+03
3.182338e+03
3.192537e+03
3.202737e+03
3.212937e+03
3.223137e+03
3.233337e+03
3.243536e+03
3.253736e+03
3.263936e+03
3.274136e+03
3.284336e+03
3.294535e+03
3.304735e+03
3.314935e+03
3.325135e+03
3.335335e+03
3.345534e+03
3.355734e+03
3.365934e+03
3.376134e+03
3.386334e+03
3.396533e+03
3.406733e+03
3.416933e+03
3.427133e+03
3.437333e+03
3.447532e+03
3.457732e+03
3.467932e+03
3.478132e+03
3.488332e+03
3.498531e+03
3.508731e+03
3.518931e+03
3.529131e+03
3.539331e+03
3.549530e+03
3.559730e+03
3.569930e+03
3.580130e+03
3.590330e+03
3.600529e+03
3.610729e+03
3.620929e+03
3.631129e+03
3.641329e+03
3.651528e+03
3.661728e+03
3.671928e+03
3.682128e+03
3.692328e+03
3.702527e+03
3.712727e+03
3.722927e+03
3.733127e+03
3.743327e+03
3.753526e+03
3.763726e+03
3.773926e+03
3.784126e+03
3.794326e+03
3.804525e+03
3.814725e+03
3.824925e+03
3.835125e+03
3.845325e+03
3.855524e+03
3.865724e+03
3.875924e+03
3.886124e+03
3.896324e+03
3.906523e+03
3.916723e+03
3.926923e+03
3.937123e+03
3.947323e+03
3.957522e+03
3.967722e+03
3.977922e+03
3.988122e+03
3.998322e+03
4.008521e+03
4.018721e+03
4.028921e+03
4.039121e+03
4.049321e+03
4.059520e+03
4.069720e+03
4.079920e+03
4.090120e+03
4.100320e+03
4.110519e+03
4.120719e+03
4.130919e+03
4.141119e+03
4.151319e+03
4.161518e+03
4.171718e+03
4.181918e+03
4.192118e+03
4.202318e+03
4.212517e+03
4.222717e+03
4.232917e+03
4.243117e+03
4.253317e+03
4.263516e+03
4.273716e+03
4.283916e+03
4.294116e+03
4.304316e+03
4.314515e+03
4.324715e+03
4.334915e+03
4.345115e+03
4.355315e+03
4.365514e+03
4.375714e+03
4.385914e+03
4.396114e+03
4.406314e+03
4.416513e+03
4.426713e+03
4.436913e+03
4.447113e+03
4.457313e+03
4.467512e+03
4.477712e+03
4.487912e+03
4.498112e+03
4.508312e+03
4.518511e+03
4.528711e+03
4.538911e+03
4.549111e+03
4.559311e+03
4.569510e+03
4.579710e+03
4.589910e+03
4.600110e+03
4.610310e+03
4.620509e+03
4.630709e+03
4.640909e+03
4.651109e+03
4.661309e+03
4.671508e+03
4.681708e+03
4.691908e+03
4.702108e+03
4.712308e+03
4.722507e+03
4.732707e+03
4.742907e+03
4.753107e+03
4.763307e+03
4.773506e+03
4.783706e+03
4.793906e+03
4.804106e+03
4.814306e+03
4.824505e+03
4.834705e+03
4.844905e+03
4.855105e+03
4.865305e+03
4.875504e+03
4.885704e+03
4.895904e+03
4.906104e+03
4.915304e+03
4.923503e+03
4.930703e+03
4.936903e+03
4.942103e+03
4.946303e+03
4.949502e+03
4.951702e+03
4.952902e+03
4.953102e+03
4.952302e+03
4.950501e+03
4.947701e+03
4.943901e+03
4.939101e+03
4.933301e+03
4.926500e+03
4.918700e+03
4.909900e+03
4.900100e+03
4.890300e+03
4.880500e+03
4.870699e+03
4.860899e+03
4.851099e+03
4.841299e+03
4.831499e+03
4.821698e+03
4.811898e+03
4.802098e+03
4.792298e+03
4.782498e+03
4.772697e+03
4.762897e+03
4.753097e+03
4.743297e+03
4.733497e+03
4.723696e+03
4.713896e+03
4.704096e+03
4.694296e+03
4.684496e+03
4.674695e+03
4.664895e+03
4.655095e+03
4.645295e+03
4.635495e+03
4.625694e+03
4.615894e+03
4.606094e+03
4.596294e+03
4.586494e+03
4.576693e+03
4.566893e+03
4.557093e+03
4.547293e+03
4.537493e+03
4.527692e+03
4.517892e+03
4.508092e+03
4.498292e+03
4.488492e+03
4.478691e+03
4.468891e+03
4.459091e+03
4.449291e+03
4.439491e+03
4.429690e+03
4.419890e+03
4.410090e+03
4.400290e+03
4.390490e+03
4.380689e+03
4.370889e+03
4.361089e+03
4.351289e+03
4.341489e+03
4.331688e+03
4.321888e+03
4.312088e+03
4.302288e+03
4.292488e+03
4.282687e+03
4.272887e+03
4.263087e+03
4.253287e+03
4.243487e+03
4.233686e+03
4.223886e+03
4.214086e+03
4.204286e+03
4.194486e+03
4.184685e+03
4.174885e+03
4.165085e+03
4.155285e+03
4.145485e+03
4.135684e+03
4.125884e+03
4.116084e+03
4.106284e+03
4.096484e+03
4.086683e+03
4.076883e+03
4.067083e+03
4.057283e+03
4.047483e+03
4.037682e+03
4.027882e+03
4.018082e+03
4.008282e+03
3.998482e+03
3.988681e+03
3.978881e+03
3.969081e+03
3.959281e+03
3.949481e+03
3.939680e+03
3.929880e+03
3.920080e+03
3.910280e+03
3.900480e+03
3.890679e+03
3.880879e+03
3.871079e+03
3.861279e+03
3.851479e+03
3.841678e+03
3.831878e+03
3.822078e+03
3.812278e+03
3.802478e+03
3.792677e+03
3.782877e+03
3.773077e+03
3.763277e+03
3.753477e+03
3.743676e+03
3.733876e+03
3.724076e+03
3.714276e+03
3.704476e+03
3.694675e+03
3.684875e+03
3.675075e+03
3.665275e+03
3.655475e+03
3.645674e+03
3.635874e+03
3.626074e+03
3.616274e+03
3.606474e+03
3.596673e+03
3.586873e+03
3.577073e+03
3.567273e+03
3.557473e+03
3.547672e+03
3.537872e+03
3.528072e+03
3.518272e+03
3.508472e+03
3.498671e+03
3.488871e+03
3.479071e+03
3.469271e+03
3.459471e+03
3.449670e+03
3.439870e+03
3.430070e+03
3.420270e+03
3.410470e+03
3.400669e+03
3.390869e+03
3.381069e+03
3.371269e+03
3.361469e+03
3.351668e+03
3.341868e+03
3.332068e+03
3.322268e+03
3.312468e+03
3.302667e+03
3.292867e+03
3.283067e+03
3.273267e+03
3.263467e+03
3.253666e+03
3.243866e+03
3.234066e+03
3.224266e+03
3.214466e+03
3.204665e+03
3.194865e+03
3.185065e+03
3.175265e+03
3.165465e+03
3.155664e+03
3.145864e+03
3.136064e+03
3.126264e+03
3.116464e+03
3.106663e+03
3.096863e+03
3.087063e+03
3.077263e+03
3.067463e+03
3.057662e+03
3.047862e+03
3.038062e+03
3.028262e+03
3.018462e+03
3.008661e+03
2.998861e+03
2.989061e+03
2.979261e+03
2.969461e+03
2.959660e+03
2.949860e+03
2.940060e+03
2.930260e+03
2.920460e+03
2.910659e+03
2.900859e+03
2.891059e+03
2.881259e+03
2.871459e+03
2.861658e+03
2.851858e+03
2.842058e+03
2.832258e+03
2.822458e+03
2.812657e+03
2.802857e+03
2.793057e+03
2.783257e+03
2.773457e+03
2.763656e+03
2.753856e+03
2.744056e+03
2.734256e+03
2.724456e+03
2.714655e+03
2.704855e+03
2.695055e+03
2.685255e+03
2.675455e+03
2.665654e+03
2.655854e+03
2.646054e+03
2.636254e+03
2.626454e+03
2.616653e+03
2.606853e+03
2.597053e+03
2.587253e+03
2.577453e+03
2.567652e+03
2.557852e+03
2.548052e+03
2.538252e+03
2.528452e+03
2.518651e+03
2.508851e+03
2.499051e+03
2.489251e+03
2.479451e+03
2.469650e+03
2.459850e+03
2.450050e+03
2.440250e+03
2.430450e+03
2.420649e+03
2.410849e+03
2.401049e+03
2.391249e+03
2.381449e+03
2.371648e+03
2.361848e+03
2.352048e+03
2.342248e+03
2.332448e+03
2.322647e+03
2.312847e+03
2.303047e+03
2.293247e+03
2.283447e+03
2.273646e+03
2.263846e+03
2.254046e+03
2.244246e+03
2.234446e+03
2.224645e+03
2.214845e+03
2.205045e+03
2.195245e+03
2.185445e+03
2.175644e+03
2.165844e+03
2.156044e+03
2.146244e+03
2.136444e+03
2.126643e+03
2.116843e+03
2.107043e+03
2.097243e+03
2.087443e+03
2.077642e+03
2.067842e+03
2.058042e+03
2.048242e+03
2.038442e+03
2.028641e+03
2.018841e+03
2.009041e+03
1.999241e+03
1.989441e+03
1.979640e+03
1.969840e+03
1.960040e+03
1.950240e+03
1.940440e+03
1.930639e+03
1.920839e+03
1.911039e+03
1.901239e+03
1.891439e+03
1.881638e+03
1.871838e+03
1.862038e+03
1.852238e+03
1.842438e+03
1.832637e+03
1.822837e+03
1.813037e+03
1.803237e+03
1.793437e+03
1.783636e+03
1.773836e+03
1.764036e+03
1.754236e+03
1.744436e+03
1.734635e+03
1.724835e+03
1.715035e+03
1.705235e+03
1.695435e+03
1.685634e+03
1.675834e+03
1.666034e+03
1.656234e+03
1.646434e+03
1.636633e+03
1.626833e+03
1.617033e+03
1.607233e+03
1.597433e+03
1.587632e+03
1.577832e+03
1.568032e+03
1.558232e+03
1.548432e+03
1.538631e+03
1.528831e+03
1.519031e+03
1.509231e+03
1.499431e+03
1.489630e+03
1.479830e+03
1.470030e+03
1.460230e+03
1.450430e+03
1.440629e+03
1.430829e+03
1.421029e+03
1.411229e+03
1.401429e+03
1.391628e+03
1.381828e+03
1.372028e+03
1.362228e+03
1.352428e+03
1.342627e+03
1.332827e+03
1.323027e+03
1.313227e+03
1.303427e+03
1.293626e+03
1.283826e+03
1.274026e+03
1.264226e+03
1.254426e+03
1.244625e+03
1.234825e+03
1.225025e+03
1.215225e+03
1.205425e+03
1.195624e+03
1.185824e+03
1.176024e+03
1.166224e+03
1.156424e+03
1.146623e+03
1.136823e+03
1.127023e+03
1.117223e+03
1.107423e+03
1.097622e+03
1.087822e+03
1.078022e+03
1.068222e+03
1.058422e+03
1.048621e+03
1.038821e+03
1.029021e+03
1.019221e+03
1.009421e+03
9.996204e+02
9.898202e+02
9.800200e+02
9.702198e+02
9.604196e+02
9.506194e+02
9.408192e+02
9.310190e+02
9.212188e+02
9.114186e+02
9.016184e+02
8.918182e+02
8.820180e+02
8.722178e+02
8.624176e+02
8.526174e+02
8.428172e+02
8.330170e+02
8.232168e+02
8.134166e+02
8.036164e+02
7.938162e+02
7.840160e+02
7.742158e+02
7.644156e+02
7.546154e+02
7.448152e+02
7.350150e+02
7.252148e+02
7.154146e+02
7.056144e+02
6.958142e+02
6.860140e+02
6.762138e+02
6.664136e+02
6.566134e+02
6.468132e+02
6.370130e+02
6.272128e+02
6.174126e+02
6.076124e+02
5.978122e+02
5.880120e+02
5.782118e+02
5.684116e+02
5.586114e+02
5.488112e+02
5.390110e+02
5.292108e+02
5.194106e+02
5.096104e+02
4.998102e+02
4.900100e+02
4.802098e+02
4.704096e+02
4.606094e+02
4.508092e+02
4.410090e+02
4.312088e+02
4.214086e+02
4.116084e+02
4.018082e+02
3.920080e+02
3.822078e+02
3.724076e+02
3.626074e+02
3.528072e+02
3.430070e+02
3.332068e+02
3.234066e+02
3.136064e+02
3.038062e+02
2.940060e+02
2.842058e+02
2.744056e+02
2.646054e+02
2.548052e+02
2.450050e+02
2.352048e+02
2.254046e+02
2.156044e+02
2.058042e+02
1.960040e+02
1.862038e+02
1.764036e+02
1.666034e+02
1.568032e+02
1.470030e+02
1.372028e+02
1.274026e+02
1.176024e+02
1.078022e+02
9.800200e+01
8.820180e+01
7.840160e+01
6.860140e+01
5.880120e+01
4.900100e+01
3.920080e+01
2.940060e+01
1.960040e+01
9.800200e+00
